0,-1.0,3299,4772.8,2803,8276.6,6299.0
1,3299.0,-1,918.0,2852,2701.0,2201.0
2,4772.8,918,-1.0,1016,3098.16,2238.4
3,2803.0,2852,1016.0,-1,3981.0,3236.0
4,8276.6,2701,3098.16,3981,-1.0,2020.0
5,6299.0,2201,2238.4,3236,2020.0,-1.0
